[#.#..#.##] (0,1,2,5,6,7,8) (1,4,6,7,8) (0,5,7) (0,1,2,6,7) (0,1,2,3,5,7,8) (0,1,5,7) (0,1,3,7,8) {138,150,10,13,17,127,25,155,38}
[.#...#.] (1,2,3,4,6) (0,1,2,4,6) (1,4) (0,1,3) (3,4,5) (0,2,4,5) (5) (1,3,6) (0,1,4,6) {60,62,27,35,75,41,40}
[#.###.##] (2,3) (1,2,5,6,7) (0,1) (0,1,2,4,5) (7) (2,7) (0,1,4,7) (0,4,5,6,7) (0,1,7) {60,62,35,12,30,23,14,71}
[#.#.##] (4) (0,1,2,3) (0,2,4,5) (2,4) (1,2) (3,5) (1,2,3,4,5) {20,48,64,36,39,22}
[#...#.####] (0,1,2,3,6,7,8,9) (0,3,6) (0,1,2,5,6,7,8,9) (2,4,5,6,8) (0,1,2,3,5,6,7,9) (2,5,8) (2) (0,3,6,7,8,9) (2,4,9) (0,1,2,5,6,7,8) (0,1,2,3,4,6,7,9) (1,5) (3,6,8) {70,75,102,59,36,58,80,64,63,74}
[.#....#..] (0,1,2,5,8) (1,6) (0,1,3,4,6,7,8) (2,3,4) (2,4,7) (1,2,4,7) (0,1,4,5,7) (0,1,3,5,6,7,8) (3) (0,2,3,6,8) (0,1,5,6) {63,72,27,36,31,40,59,41,45}
[##.#.#] (0,1,2,5) (1,2,3,4,5) (0,2,4,5) (2,3) {36,26,63,27,30,46}
[..###.##] (2,4,7) (0,1,4,5,6,7) (3,7) (3,6) (3,4,5,7) (0,4) (1,2,4,5,6) (0,1,2,4,6) {15,22,32,29,57,32,25,38}
[#.##.] (1,2,3,4) (0,1,4) (0,3) (1,2) (0,2,3) {39,19,33,41,10}
[#...] (0,2) (0,1) (1) (0,3) {47,30,20,7}
[.##.#..] (4,5) (0,3,4) (0,2,3,6) (0,6) (0,3,6) (1) (2,3,5) (1,3) {139,22,117,140,11,15,134}
[..##..#] (1,3,5) (2,3,6) (0,1,2,5,6) (1,2,4,5,6) (1,2,3,5,6) {11,32,35,23,3,32,35}
[.#.#] (1,3) (0,1,2) {1,10,1,9}
[#.##..#..#] (0,1,2,3,5,6,7) (5,8,9) (0,1,2,3,4,5,7,8,9) (0,5,7,8) (1,2,3,5,6,7,8,9) (0,7) (0,1,2,4,5,6,8,9) (0,1,3,4,6,7,9) (4,5,9) (2,5) {241,236,55,218,216,81,224,240,73,246}
[#.##] (0,2) (0,3) (1,2) (1,2,3) {35,12,29,30}
[.#...#..#] (2,3,4,6,7,8) (0,5,6,8) (6) (1,5,8) (4,5) (0,7) (1,2,3,7) {3,6,17,17,32,21,35,20,19}
[#.#.] (1,2,3) (0,2) {14,16,30,16}
[#.#..#] (0,2,5) (0,2,3,4,5) (1,4) (2,3) (1,2,4) {21,33,52,19,37,21}
[##...] (0,2,3) (0,1,3) (0,1,2,4) (2,4) (3) (1,2) {37,27,49,32,21}
[###..#] (0,1,2,5) (1,3,5) (2,3,5) (2,3) (0,2,4) {8,24,17,26,1,28}
[#..##] (1,2,4) (0,3,4) (0,1,2) {30,13,13,18,19}
[####] (0,1,2,3) (0,1) (2,3) {20,20,29,29}
[.#.#] (1,3) (0,1,2) {19,37,19,18}
[####..#] (0,1,3,6) (0,2,5) (0,1,2,3,5,6) (0,3,4) (0,3,5) (1,2,5) (0,1,2,4,5) (0,3,6) {114,60,64,81,32,81,48}
[#..#.] (0,1) (1,3) (2,3) (2,3,4) (1,2,4) {11,145,39,145,32}
[#.#.##] (0,1,5) (1,4,5) (0,1,3,5) (2,4,5) (3,4) {18,121,20,37,143,141}
[#####] (0,1,3,4) (0,1,3) (2,4) (0,3,4) {169,28,17,169,177}
[.#..#] (0,4) (2) (1,2) (3,4) (2,3) (1,2,4) (0,2) {13,19,64,25,20}
[.##.#.#] (1,2,4,6) (0,1,2,3,5) (0,2) (0,3,4) (1,5,6) {38,43,30,31,28,33,30}
[##...#.#] (3,4) (0,2,3,4,6,7) (1,2,3,4,5,7) (2,3,4) (0,2,4) (5,6,7) (0,2,3,4,5,6) (0,2,3,5,6) (5,7) (0,2,3,4,5,7) {56,136,207,202,215,187,38,173}
[###..] (0,2,3,4) (0,1,4) (0,1,2) (2,3) (0,1,2,3) {31,17,50,40,14}
[#.##] (0,1) (0,1,2) (0,2,3) {56,36,40,20}
[#...###] (1,4,5,6) (0,1) (1,2,6) (0,3,6) (1,5) (0,1,3,5,6) {50,65,9,31,2,37,42}
[####..#] (0,5,6) (2) (4,5,6) (0,1,3,5,6) (0,1,2,3,4,5) (0,2,3,4) (0,2,3,5,6) {177,13,164,175,173,37,36}
[.##.#.] (2,3,5) (1,2,4) (2,4) (0,1,2,5) (1,2) {18,182,206,8,161,26}
[.###] (0,2,3) (1,2,3) {11,9,20,20}
[#.#...] (0,1,2,5) (0,1) (0,1,4,5) (1,3,5) (0,3,4,5) (1,2,5) {48,66,20,20,18,52}
[.########] (4) (0,5,6,8) (2,3,4,7,8) (1,2,4,6) (6,7) (0,1,3,4,5,6,8) (0,1) (2) (2,3,5,6,7,8) (0,3,4,6,7,8) {70,46,180,198,212,52,92,195,217}
[#.#.....##] (4,5) (0,1,4,7) (2,6,7,8,9) (0,4) (1,2,4,6,7,8,9) (1,2,3,4,5,8,9) (0,1,7,8) (1,2,7,9) (1,2,4,5,6,7) (4) (0,9) (0,2,3,5,6,7,8,9) {185,61,75,15,188,31,58,94,51,69}
[##.#.#.] (4,5) (0,3,5,6) (2,3,5) (0,1,3,4,6) (1,3,5,6) (0,1,3,5) (0,3,6) {32,23,1,43,5,35,29}
[....##] (0,2,4) (0,2,5) (0,2,3) (1,2,4) (1) (1,4) (0,3,4,5) {34,29,46,13,33,17}
[####] (0) (1,2,3) (0,1) (0,2,3) (2,3) {39,30,40,40}
[.#.####...] (2,3,6,8,9) (0,1,2,3,4,6,8) (1,4,5,9) (0,1,3,4,5,6,7,9) (1,2,3,4,5,6,9) (3,5,7,9) (1,5,6,7) (0,4,9) {50,57,42,76,74,60,63,36,23,88}
[.#####] (0,2,3,5) (1,3,4,5) (2) (0,1,2,4) {17,22,24,19,22,19}
[.###..] (1,2) (3) (0,2,3,4) (1,2,4,5) {8,9,17,17,14,6}
[#..#.#..] (0,1,2,6) (0,1,3,5,6,7) (0,2,3,4,5,6,7) (1,3,6,7) (0,1,2,4,6) (0,1,2,4,7) (3,4,5,6,7) (0,2,4,6) (1,4,7) (0,5) {33,47,31,17,50,11,34,41}
[.###.] (1,2,3) (1,2) (1,2,4) (0,1,2) (0,2,3) (2,3) {176,45,221,195,10}
[#.##.##] (0,1,2,3,4,5,6) (0,3,4,6) (0,3,4) (2,5,6) (0,1,2,3,5,6) {239,214,232,239,219,232,244}
[#######.#] (2,7) (0,2,3,6,7) (0,1,3,4,5,6,7,8) (0,1,2,5,6,8) (0,1,2,3,5,6,7) (0,1,2,4,5,7) (0,1,2,8) (0,3,4,5,7,8) (3,4) (3,4,5,6,7,8) (1) {62,45,62,40,44,45,28,72,28}
[##.#..#] (1,2,5) (0,3) (2,3) (0,1,2,4,6) (2,4,5) (0,1,2,5,6) (0,1,3) {45,32,51,43,26,27,17}
[#.##..#.] (1,3,6) (0,1,2,3,5,6) (2,3,4,5,7) (0,1,3,7) (2,3,7) (2,3,4,5,6) {37,45,202,228,35,54,45,183}
[##.#..###] (3,4,6,7,8) (0,1,3,4,6,7) (0,3,6) (1,7) (0,2,4,6,7,8) (4,6) (2,3,6,8) (1,4,5,6,7,8) (0,1,3) (0,1,2) {176,160,22,178,173,8,192,172,44}
[####..#] (0,1,2,3,6) (3,5,6) (0,1,6) (1,2,3,4) (0,1,4,5) (1,4) (0,2,3,4) (0,1,3,5,6) {66,80,28,56,54,46,47}
[..##.##..] (0,1,2,3,4,5,7,8) (0,1,2,3,4,5) (0,1,4,5,6,8) (0,1,2,3,5,6,7,8) (0,1,2,3,5,6) (4,5) (1,2,3,5,6,7,8) (2,6) (2,7) {64,83,236,64,33,85,82,194,52}
[.###] (0,1,2) (3) (2) (2,3) (0,2,3) (1,3) {9,189,37,208}
[#...] (2) (0,2,3) (1,3) (0,3) (0,1) (3) {18,18,23,38}
[..#..#.] (1,3,6) (1,3,4,6) (1,2,3,5,6) (0,1,3,5,6) (0,2,4) {23,216,23,216,204,20,216}
[...#] (0,3) (1,2) (0,1,3) (1) (1,3) {6,39,0,26}
[#.#.##] (1,3) (2,3,4) (0,1,3,4) (0,4,5) (0,4) (0,1,5) (0,1,2,3) (1,2,4) {21,28,15,22,13,8}
[...#...#..] (0,2,3,7) (0,2,4,6,7,8,9) (0,1,3,4,6,7) (4) (6,9) (4,5,6) (1,5,6,8) (0,3,4) (1,4,6,7) (1,2) (5,6) (1,4,8,9) (2,3,4,5,6,7,8) {34,57,49,23,92,33,70,44,53,42}
[.....##.##] (4,7) (0,1,9) (0,1,2,4,5,6,8,9) (0,1,2,3,5,7,9) (0,1,2,4,7,9) (0,2,3,7,8) (1,2,3,4,5,6,8,9) (1,2,6,7,8) {34,53,41,25,31,29,33,20,38,46}
[...#......] (0,1,4,5) (2,5,6,8) (1,2,7) (2,4,5) (0,1,2,3,4,5,8,9) (6,7) (0,4,7,8) (1,5,7,9) (0,1,3,4,6,7,8) (0,2,6,7,9) (2,3,4,6,7,8,9) {43,64,46,28,42,38,52,79,47,26}
[#....#.] (1,3,4,5,6) (0,1,5,6) (1,3,4) (0,3,4,5,6) (0,1,2,3,4,5) (1,2,4,5,6) (0,1,2,4,6) {182,207,179,28,195,48,190}
[##.......] (1,4,6,7,8) (0,1,2,3,4,5,6) (1,2,3,5,6,7) (3,4,5,7,8) (0,4,5,6,7,8) (0,1,3,5) (0,5,6,7) (0,3) (2,6,7) (0,1,2,3,4,6) {66,68,52,77,64,78,79,68,40}
[.#.#.#..#] (2,6,7,8) (4,7) (1,5,6,8) (0,1,2,5,6,7,8) (0,1,5,6,7,8) (1,4,5,6) (3,4) (0) (0,2,5,7,8) {177,39,33,19,33,59,42,56,57}
[#...#.#.] (2,4,5,6) (0,3) (0,1,2,4,5,7) (0,1,2,4,7) (1,2,4,7) (0,1,3,5) (0,2,4,5) (1,2,5) (3,4,5) (0,3,5,6) {74,61,74,50,69,73,25,37}
[#.....#.#] (1,5,6,7) (2,3,4,6,7) (0,1,3,4,5,6,8) (0,2,3,4,7,8) (1,3,4,6) (0,2,4,5,6,7) (2,3,7) (0,1,3,6,8) {73,67,62,98,83,50,94,76,56}
[#..##..] (0,3,6) (1,4,5) (2,3) (1,3,4,5) (1,2,3,5,6) (0,1,3,4,6) {17,43,14,44,39,28,21}
[.#######] (2,4,5,6,7) (0,1,2,4,5,6) (2,3,6,7) (0,1,2,3,5,6) (2,3,6) (2,4,5,6) (3,7) (0,2,3,5,6,7) {47,27,79,57,38,65,79,53}
[#.#.#..###] (1,3,5,6,7) (2,9) (5,7,9) (0,1,5,8,9) (0,2,8) (8,9) (3,7,8,9) (1,2,4,7,8) (0,3,8,9) (2,7) (5,6) (0,1,4,7,8) (0,1,4,5,8,9) {49,49,59,19,37,36,11,55,81,54}
[#.##..#.#] (0,3,6,7,8) (0,1,2,4,5,6,7,8) (0,1,5,6,7,8) (2,5,6,8) (0,1,2,3,4,5) (3,4,6,7) (0,4,5,6,7) {62,40,25,34,42,54,54,52,35}
[...###] (2,4,5) (1,2) (3,4,5) (0,3,4,5) (0,2,3,4) (0) {45,18,42,43,53,39}
[..##.#.###] (0,1,3,5,6) (0,1,2,5,6,7,8) (0,7,8,9) (2,3,9) (1,2,3,4,5,6,9) (0,2,6,7) (1,3,4,6,7,8,9) (0,2,3,4,5,6,7,8,9) (3,5,6,8,9) (2,9) (0,5) (5) (1,3,4,5,6,7,8,9) {57,43,39,58,36,84,68,41,33,44}
[#..##] (0,1,3) (0,2) (0,3,4) (0,1,4) {34,17,6,20,19}
[###..#] (0,3,5) (2,3) (3,5) (3,4) (0,2) (1,2) (0,1,2,5) {205,33,52,212,1,213}
[##...###] (0,3,4,5,7) (0,1,2,4,6) (0,1,2,4,6,7) (1,3,4,6,7) (0,3,5,7) (0,1,5,6,7) {60,41,18,25,40,42,41,50}
[.##..] (1,3,4) (0,3,4) (0,3) (0,1,2) (1,2,4) (0,1) (2) {169,173,24,27,35}
[.#..##.##.] (0,1,4,6,7,8) (1,4,5,9) (1,2,3,4,5,6,7,8) (1,7) (1,9) (1,2,4,6,7,8) (0,1,2,3,5,7,8) (0,5) (1,2,3,6,7,8) (0,1,2,3,5,6,7,9) (0,2,3,4,5,6,7,9) (4,8) {37,268,222,49,225,68,214,238,215,55}
[#.#.#####] (0,4,6,7,8) (1,3,7) (0,2,5,6) (0,1,6,7,8) (0,1,2,3,4,7,8) (5,6) (0,2,4,5,6,7,8) {42,30,34,25,24,28,36,41,29}
[##....] (2,4) (0,1,3,5) (0,1,5) (4) (0,1,2,4) {153,153,9,5,18,145}
[.#.#] (2,3) (0) (1,3) (0,1,3) (2) {32,33,139,161}
[.#...#] (0,4) (0,5) (0,2,4,5) (0,3) (1,2,3,5) (0,1) (2,3,4,5) (1,4,5) {37,32,31,25,30,35}
[..####.##.] (3,7) (0,2,3,4,5,6,9) (1,2,3,4,7) (0,1,2,3,6,7) (0,2,4,5,6) (0,2,3,5,6,7,8,9) (5,6) (4,5) (1,4,5,6,7,8) (1,2,3,4,6,8,9) (1,2,5,6,7,8,9) (1,7,8) {48,182,188,76,44,174,196,205,173,161}
[###..] (0,3,4) (0,1,3,4) (1,2,3,4) {167,19,4,171,171}
[.#....#.] (0,3,5,6,7) (0,1,3,4,6) (5,7) (1,3,4,6) (0,1,2,4) (1,6) (4,6) {54,52,17,52,169,22,171,22}
[##..#####] (0,2,3,4,7,8) (0,5,6,7,8) (3,4) (1,2,4,5,7,8) (1,5,6) (0,2,3,4,5,8) (1,3) (3,4,5) {29,27,21,195,190,44,27,31,32}
[####.] (1,3) (0,1,4) (1,3,4) (0,4) (1,2) (1) {22,68,19,20,32}
[...#.#] (0,3,4,5) (0,1,2,3,5) (1,3,4,5) (0,1,2) (0,2) (1,2,3,4,5) (2,3) {30,14,217,225,24,29}
[.###.] (2,3,4) (0,4) (0,2,4) (1,2,4) (1,2,3,4) (0,1) {44,32,40,31,57}
[####...] (1,2,3,4,5,6) (2,4) (0,2,5,6) (2,4,5) (2,3,6) {16,13,47,21,23,37,37}
[...####] (0,1,2,3,5,6) (0,3,4,5) (2,3,5) (0,1,3,4,5) (0,2,3,5,6) {131,120,36,147,111,147,20}
[.#.#..#.#] (1,8) (1,4,8) (3,4,5,7,8) (0,2,5,7,8) (0,3,4) (0,1,2,3,4,8) (5) (0,2,3,5,6,7) (1,2,3,4,5,7,8) {33,38,34,32,34,36,1,34,64}
[##.#] (1) (2,3) (0,1,3) (0,3) {39,22,3,42}
[#.##....] (2,4,5,7) (0,1,2,6,7) (0,2,3,5,7) (4,5) (1,6,7) (0,3,4,5,7) {153,17,151,141,39,165,17,171}
[###.##.##] (1,5,6,7,8) (0,2,4) (0,2,3,4,6,7,8) (6,7) (0,1,2,3,4,6,7) (1,6) (0,4,5,8) (0,3,4,7) {49,27,31,41,49,11,46,55,24}
[.#..#] (0,2) (0,1,2) (4) (0,1,4) (0,2,3,4) (1,2,3,4) (0,1,3,4) {43,38,34,20,36}
[#.###] (0,1,2,3) (1,4) (0,2,3) {128,16,128,128,0}
[......##.] (0,4,6,7,8) (2,4,6,7) (0,1,3,6,7,8) (1,2,3,4,6,7) (0,1,2,3,5,7,8) (0,2) (0,1,5,6,8) (1,4,7,8) (0,3,5,8) (2,3,5,6,8) (2,3) {39,36,66,75,43,45,48,56,72}
[##..######] (1,3,4,9) (0,1,2,4,5,6,8,9) (1,2,3,4,5,6,7,8) (2,7) (0,1,4,5,6,7,8,9) (4,6,8) (5,7,8) (5,6) {20,29,26,9,35,31,37,18,28,27}
[#.##.] (1,3) (2,3,4) (1,2,3) (0,2) (0,1,3) (0,4) (0,1,2) {72,71,55,59,25}
[#.#.#.#] (0,1,5,6) (1,2,3,4) (1,2,4,5,6) (0,3,5,6) (4,5) (2,5,6) (0,2,3,4,5,6) {24,39,36,15,27,53,51}
[.#.##..#.#] (1,4,5) (3,4,5,6,8) (1,9) (0,1,2,3,4,8) (1,2,4,5,6,7,8,9) (1,2,4) (0,1,6,7) (3,4,5,8) (1,4,6,8,9) (0,2,3,4,5,6,9) {25,62,39,158,195,170,31,8,154,41}
[.#..##.] (1,2,3,6) (0,1,2,3,5) (0,4,5) (0,1,2,4,6) (1,2,4) (0,2,5) (4) (0,1,4,5,6) {211,203,34,10,200,197,193}
[..#...] (0,4,5) (1,3,4) (0,1,2,4,5) (2) {12,13,13,12,24,12}
[###.#...] (1,4,6) (1,2,4,7) (0,2,6) (1,2) (1,3,5,6,7) (2,3,4,5,7) {11,53,57,19,28,19,25,38}
[#...####..] (1,3,4,5,6,8) (0,1,5,6,8,9) (8,9) (1,2,3,4,6,7) (1,2,3,4,5,6,7,8) (4) (5,6,9) (0,2,3,4,5,6,7) (0,2,3,4,5,7,8,9) (0,1,3,4,7,9) (0,2,4,5) (1,2,3,5,7,9) {42,77,73,79,75,89,79,67,66,59}
[##.#] (1,2) (0,1,3) (2) {11,20,16,11}
[##...#..] (0,4,5,6) (1,2,3,4,5) (1,2,3,5,7) (1,2,3,7) (1,2,4) (1,2,3,4,5,6) (0,2,4,5,7) (0,5) {148,62,69,42,64,176,28,32}
[###.#.....] (0,2,7) (3,5,6) (3,4,5,8) (1,5,8) (0,3,5,6,7) (2,7) (0,5,7,9) (1,5) (1,2,6) {31,10,34,32,19,55,16,50,25,16}
[.#........] (1,2,4,5,6,7) (0,2,7) (0,2,3,5,6,7,8,9) (3,7) (0,1,2,4,5,7,8,9) (2,4,5,7) (0,2,3,4,5,6,7,8,9) (1,2,4,5,6,8,9) (1,2,4,6,7,8,9) (1,7) {29,51,77,12,61,52,47,72,36,36}
[##..###] (2,3) (3,5,6) (0,4) (5) (1,3) (0,4,6) {7,3,17,26,7,9,7}
[#.#.#....] (0,1,2,6) (0,2,6,7,8) (0,2,3,5,7,8) (1,3,4,6,7) (2,3,5,7,8) (0,1,5,6,8) (3,4) (1) {190,47,178,30,9,39,178,175,190}
[#.#######.] (0,2,3,4,6,7,9) (0,1,2,3) (0,1,3,6,7,8) (0,2,4,6,7) (3,6,7) (0,1,2,3,6,7,9) (2,3,5,8) (2) {53,27,54,50,26,4,46,46,17,16}
[#..###] (0,4) (0,1,2,3,4,5) (0,3) (0,1,2,4) {126,5,5,109,19,2}
[..#..] (0,1,2,3) (0,3,4) (1,3) (0,2,3,4) {27,27,22,44,17}
[#.##.#.#.#] (2,7) (0,3,4,7,8) (2,9) (2,3,5,6,8) (8) (3,4,6) (0,7) (0,1,3,4,8) (0,3,4,7) (2,4,6) (1,8) (0,3,5,7,8) {68,25,55,71,78,12,41,61,60,19}
[#.#..##] (0,3,4,6) (1,2,3,4,6) (2,6) (2,3,4) (0,1,4,5) (0,1,2,5) (2) (0,5,6) {179,160,30,18,162,166,37}
[##.###.#..] (0,1,3,4,5,8) (0,6,7) (0,1,4,6,8) (3,4,5,7,9) (0,1,5,7,9) (2,3) (3,4,6,8,9) (1,2,4,6,7,8) (1,6,8,9) (1,2,3,5,9) (1,2,4,5,7,9) (1,2,3,4,6,7) (5,7,9) {40,110,80,228,241,220,70,231,52,229}
[#..##] (2,3) (4) (1,2,3,4) (0,1) (0,4) (1,3) (1,2,3) {6,28,17,25,14}
[.##.#.#...] (4,8) (0,1,2,3,4,6,8,9) (2,4,6) (0,1,2,3,6,7,9) (0,1,3,4,5,8,9) (2,3,5,6,7,9) (0,4,6,7,9) (0,1,2,5,7,8,9) (2,3,7) {36,33,51,54,48,37,49,29,32,54}
[#.#.#] (0,2) (3) (0,2,4) (1,4) (0,1,2) {31,33,31,0,25}
[..#.] (2,3) (1) (0,1) (0,3) (2) (1,2,3) {34,26,25,20}
[####...##] (0,7) (2,3,7) (1,6,8) (3,6) (1,2,3,8) (1,6,7) (0,1,2,5,6,8) (0,2,3,4,5,7) (0,3,4,5,6,7,8) {32,35,206,225,19,21,40,223,37}
[..#...] (1,3,4) (0,1,2,3,4) (1,2,5) (1,2,4) (0,2,4,5) (0) {23,211,215,19,37,204}
[#....###] (0,5,6) (0,1,3,6) (0,7) (5,6) (1,4) (2,5) (3,6) (0,2,3,5,6) (0,1,2,3,4,7) {47,30,35,60,14,44,69,14}
[.####] (0,2,3) (0,1,2,4) (0,3) {53,15,35,38,15}
[#.##.#...#] (4,5,6) (0,2,6,7) (4,8) (3,6,7) (2,6,7) (5,9) (0,2,5,7,8) (1,3,5,9) {23,3,35,7,6,32,25,39,20,10}
[.##..#.#.#] (1,3,4,5,6,7,8,9) (0,1,2,4,6,7,8,9) (0,3,4,5,6,7,9) (2,5,8,9) (0,1,2,3,4,6,9) (0,1,3,8,9) (0,1,5,7,9) (1,2,5) (0,1,2,3,5,6,7,8,9) (0,1,2,3,5,7,8,9) (0,3,4,5,6,7,8,9) (0,2,3,4,5,7,8,9) {242,216,84,72,65,243,63,243,99,256}
[....#..#] (0,1,2,3,7) (3,4) (0,1,3,4,5,7) (0,1,3,4,6,7) (2,6,7) (2,3,6) {43,43,37,69,49,16,50,60}
[.#.##.] (4) (1,3,5) (1,2,4,5) (0,2,4) (1,2,4) (1,2) (0,2) (0,3,4,5) {51,23,58,16,63,30}
[#####.##..] (1,5,6,7,9) (0,1,2,3,5,6,7,8,9) (0,3,4,6,7,8,9) (0,4,5,6) (2,5,7,8) (1,2,4,5,6,7,8) (0,2,6,7,9) (1,2,6,7,9) (0,3,4,5,7) (1,4) (1,2,3,6,8) {42,46,48,48,24,51,65,72,56,52}
[#..#] (0,2,3) (1,3) (2,3) (0,2) (1,2) {0,11,22,19}
[#.###.#] (3,6) (0,1,3,4,6) (2,4,6) (0,1,3,5,6) (4,5) (1,4) (0,1,2,6) (1,2,4,6) (1,2,3,4,6) {27,44,22,32,57,10,51}
[#.##...#..] (1,2,5,6,9) (1,4,5,6,7) (1,2,5,6,8,9) (2,3,5,6,7,8,9) (0,1,2,3,4,7,8) (0,1,3,4,9) (4,6,7) (2,3,4,6,7,8,9) {28,47,47,56,60,38,62,59,41,59}
[.#.#] (1,3) (1) (3) (0,2,3) (2) (0) {19,28,20,22}
[####...#] (0,1,2,5,6) (0,2,4) (0,1,7) (1,2,4,5,7) (1,5,7) (3,4) {211,221,224,15,48,217,191,30}
[.#....#] (1,3,4,6) (0,4,5) (1,4,5) (2,3) (2,3,5,6) (0,2,3,4,6) (2,4,5,6) (1,2,4,6) (1,6) {12,40,33,29,62,41,37}
[###.#.#] (0,2,3,4,5) (0,1,2,4) (5,6) (1,3,4,5) (0,4,6) (2,3,4,5) (2,3) (0,1,2,5,6) {24,25,30,27,32,35,27}
[.##.] (0,1,3) (1) (1,2) {6,17,9,6}
[.#...] (0,1,2,4) (0,2,4) (3) (0,1,2) {44,34,44,1,24}
[######...#] (0,3,6,8,9) (0,1,2,3,4,5,6,7,9) (0,1,2,3,4,5,7,8,9) (2,3,4,6,7) (0,1,3,5) (0,1,2,3,5,6,9) (0,1,2,4,5,7,8) (1,4) (0,2,5) (1,2,3,6,7,8,9) (2,5,8,9) {51,58,65,86,35,36,71,47,45,60}
[.....#.#.] (1,2,3,4,5,6,7) (3,5) (0,1,3,4,6,7,8) (0,2,6) (0,1,4,6,8) (0,2,7) (0,1,2,3,4,6,7) (0,3,4,8) {216,175,208,206,189,29,195,192,19}
[..####..] (1,2,4) (0,1,2,3,5,6) (0,1,2,4) (1,2,3,6) (1,3) (0,1,3,5,6,7) (0,2,5) (0,5) {67,83,75,51,32,49,50,18}
[.#.#.##.] (2,3,4,5,6,7) (0,4,5) (0,6,7) (0,3,5,6) (0,3) (0,1,2,5,7) (0,7) (0,1,2,3,7) (1,3,4,6) {57,27,30,39,26,56,32,32}
[######] (1,2,3,4,5) (0) (3,4) (0,2,3,4,5) (1,4) (1,2,3,4) (0,2,3,4) {25,34,50,70,78,34}
[.#.#] (1,3) (0,1,2,3) {19,33,19,33}
[..#.] (0,3) (0,1) (1,2) (0,1,2) {44,47,27,8}
[...#..#] (0,1,2,3,6) (2,3,5,6) (3,6) (0,2,3,4,5) (0,2,4,5) (0,2,3,6) (0,4,5) {73,17,67,61,37,42,51}
[####.] (2,4) (2,3) (0,1,4) (0,1,2,4) {33,33,45,18,47}
[#.#.] (0,1,3) (1,2) (0,1) {11,30,19,3}
[...#.#..##] (1,2,6,8,9) (1,5) (0,1,4,7,8,9) (2,4,5,6,7,8) (0,1,2,3,4) (1,6,9) (0,1,2,3,5,6,7,8,9) (1,2,3,5,8) (6,7,9) (1,2,6,8) (7,9) {22,84,60,29,17,41,66,39,59,51}
[.#.###....] (4,5) (4,8) (1,3,4,6,7,8) (0,1,2,4,5,6,7) (2,6,7) (2,3,6,7,9) (0,1,2,4,5,7) (2,3,4,6,7,8,9) (0,2,3,4,6,7) (0,3,5,6,8) (2,3,5,9) {28,17,58,64,56,38,75,60,50,39}
[##..#.##] (5,6) (0,6) (3,5,7) (2,3,4,6) (0,4,5,6,7) (0,2,3,4,5,7) (0,1,4,6,7) {33,4,9,14,25,36,58,22}
[##..####] (0,1,3,4,5,6,7) (3,5,7) (1,2,4,6,7) (0,1,2,4,5,6) (0,1,2,3,4,6,7) (3,6) (0,2) (0,1,3,6,7) (0,2,4,7) (1,2,3,4,5,6) {67,59,67,70,57,29,73,69}
[##...##.##] (5,8) (1,2,5,6,9) (0,3,4,5,6,9) (3,4,5) (3,5,6,7) (1,2,5,6,8,9) (0,3,5) (0,1,6,7,8) (4,6) {17,24,22,26,24,156,43,5,123,29}
[###.] (0,1,2) (0,2) (3) (2,3) {35,19,55,28}
[####.##] (3,6) (1,6) (3,4) (0,4,5,6) (1,2) {2,30,11,17,19,2,21}
[.##.####] (1,2,3,5,6) (1,4,6,7) (0,1,3,7) (0,2,3,4,6,7) (0,1,3,5,7) (0,6,7) {11,24,25,25,15,17,35,18}
[###.....#] (0,2,6,7) (6,8) (0,2,3,4,5,7,8) (0,2,4,5,7,8) (0,1,2,3,4,6,8) (1,3,5,7,8) (0,3,4,5) (0,2,3,4,5,6,7,8) (0,1,3,7) (0,1,3,5,6,7) (0,1,3,5,6,7,8) {123,47,85,91,79,77,76,92,73}
[...#.##] (1,6) (0,1,2,4,6) (1,2,3,4) (0,2,3,4,6) (0,1,3,5) (0,1,3,4,5) {32,44,45,41,51,7,31}
[.###...#] (1,2,3,4,7) (1,3,6) (3,4,5,7) (0,1,3,4,7) (0,1,5,6) (2,7) (0,7) {35,38,5,31,23,17,20,33}
[#.###..] (0,1,3,5) (0,5) (0,1,2,3,4,6) (2) (3,4) (5,6) (1,6) (0,2,4,5,6) {22,20,30,10,24,26,43}
[..####] (1,2,3) (0) (1,2,4) (0,1,2,3) (0,2,3) (0,1,2,5) (1,2,3,5) (1,2,3,4) {42,264,270,246,33,197}
[.#.#.##.] (0,1,5) (0,2,3,6,7) (1,2,3) (0,2,5) (2,4,6,7) (0,1,4,5,6) (0,1,2,3,4,6,7) {30,44,17,16,11,29,11,1}
[##....##] (0,1,2,4) (0,1,2,6) (0,4,6) (0,2,3,5,7) (0,4,7) (0,2,3,5,6,7) (0,2,3,5) (3,5) (0,1,3,4,5,6,7) {77,12,59,56,20,56,22,44}
[.##.##.#] (1,2,3,4,5,7) (1,3,5) (0,7) (0) (1,2,4,5,6,7) (0,1,5,6) (0,1,2,4,5,7) (5,6) {47,48,32,12,32,66,35,49}
[.##.##] (4,5) (0,2,4,5) (0,1,2,3) (1,3,5) (0,1,5) (0,1,2,3,4) {30,37,28,35,19,23}
[#...#...#.] (1,4,7,8,9) (0,1,3,5,6,8,9) (0,1,5,7,8,9) (1,3,5,6,9) (1,2,5,7,9) (1,3,4,6,7,8,9) (0,2,4,9) (4) (0,3,4,5,6,7,8) {217,52,21,201,217,235,201,234,220,56}
[#.###.##.] (6,7) (0,1,2,3,5,7,8) (1,2,3,4,6,8) (0,2,5,6,7,8) (0,2,4,5,6,7) (0,1,6,8) (0,2,4,5,6) (0,1,4,6,8) (2,3,4,5,6) {64,49,68,42,64,57,102,43,58}
[....##..#.] (1,2,3,5,7) (6,7,8) (4,5,8) (1,3,5,9) (0,1,2,3,8,9) (0,1,3,4,5,7,8) (1,2,3,4,5,6,7,9) (0,1,4) (1,6,9) {24,215,180,190,202,198,190,183,35,197}
[#...##] (0,2,3) (2) (0,1,2,3,5) (3,4,5) (1,2,3,5) {156,167,185,183,8,175}
[#######.] (1,4,5) (3,4,6) (0,1,2,4,7) (2,6,7) (1,5) (0,1,4,5,7) (0,4,5) (3,5,7) {31,42,13,33,64,51,23,45}
[...#.##] (0,1,2,4) (0,2,6) (1,5,6) (2,6) (1,2,4,5,6) (1,2,4,6) (2,4,5,6) (2,4,6) (3,6) {8,28,38,3,23,17,52}
[#.#....###] (0,3,4,8) (0,1,2,3,4,5,6,9) (2,4,7) (2,3,4,5,7,9) (5,6,9) (1,6) (6,7,8,9) (0,1,2,3,4,6,7,9) (0,1,2,3,4,5,7,9) (3,4,5,6) {43,54,49,67,70,49,64,36,11,51}
[#.......] (0,1,2,4,5) (1,2,4,6,7) (0,3,4,5,6) (0,2,6,7) (0,3,4,5,6,7) (1,3,5,7) (0,2,3,4,5) (0,2,4) (0,2,5,6,7) (0) {261,23,239,218,236,229,50,38}
[...#.#.#..] (0,1,4,5,7,9) (0,2,4,5,6,7) (0,2,4,5,6,7,8,9) (1,2,4,5,6,9) (3,5,8) (0,1,2,4,9) (0,2,6) (0,2,6,7,8) {184,133,186,14,163,54,63,50,41,144}
[..##...#..] (2,4,5,6) (3,4,6,8,9) (0,1,3,6) (0,1,2,3,4,6,8,9) (0,1,2,4,7,9) (8,9) (0,1,2,3,4,6,7,8,9) (4,5) (0,6,7) (0,1,2,3,4,6,7,9) {66,49,52,61,89,25,86,59,58,82}
[###..#..#] (0,1,2,3,4,6,7) (4,7) (0,1,4,6,8) (1,2,4,6,7,8) (1,2,3,4) (2,4) (1,2,6,8) (0,2,3,5,6) (1,5) (0,3,6) {39,267,76,40,98,197,66,53,43}
