1
4
9
15
23
31
43
54
71
85
102
122
141
167
190
221
249
279
313
349
386
421
461
500
535
582
621
675
716
771
816
875
921
986
1040
1099
1165
1222
1303
1352
1445
1496
1595
1642
1753
1807
1913
1975
2076
2140
2243
2313
2434
2499
2614
2684
2802
2867
3000
3066
3204
3278
3453
3535
3716
3797
3981
4065
4253
4311
4498
4567
4755
4825
5013
5081
5287
5347
5558
5627
5856
5928
6140
6226
6437
6529
6736
6834
7045
7155
7356
7471
7674
7792
8010
8120
8341
8464
8674
8803
9013
9148
9354
9516
9719
9888
10095
10262
10472
10636
10844
11032
11242
11439
11642
11848
12026
12244
12434
12657
12868
13079
13296
13517
13718
13942
14154
14386
14607
14838
15058
15272
15497
15729
15982
16207
16449
16683
16926
17161
17407
17655
17918
18140
18425
18645
18916
19165
19431
19707
19972
20255
20491
20773
21009
21287
21543
21825
22094
22389
22642
22937
23181
23480
23742
24064
24298
24649
24877
25245
25460
25851
26058
26467
26664
27097
27298
27721
27930
28346
28544
28976
29186
29645
29834
30267
30474
30901
31103
31557
31758
32226
32435
32971
33217
33767
34009
34557
34801
35353
35541
36057
36253
36762
36966
37464
37664
38198
38377
38922
39126
39692
39903
40423
40659
41189
41431
41957
42200
42720
42989
43485
43763
44254
44540
45047
45322
45823
46128
46597
46915
47380
47701
48157
48538
48983
49368
49817
50191
50651
51013
51468
51879
52333
52757
53192
53634
54015
54478
54877
55344
55782
56217
56666
57122
57537
57992
58424
58895
59342
59807
60248
60675
61122
61581
62081
62523
62999
63455
63930
64383
64861
65340
65846
66271
66815
67232
67743
68213
68715
69233
69727
70256
70693
71217
71650
72171
72636
73161
73645
74194
74645
75190
75619
76171
76630
77220
77629
78265
78664
79319
79700
80389
80752
81471
81818
82573
82921
83661
84017
84748
85080
85841
86191
86988
87301
88052
88396
89132
89471
90246
90582
91380
91724
92621
93031
93950
94353
95265
95669
96585
96903
97748
98071
98901
99239
100047
100379
101241
101539
102418
102757
103660
104010
104838
105224
106073
106465
107310
107698
108527
108955
109746
110187
110966
111420
112216
112656
113437
113924
114652
115159
115879
116386
117092
117692
118379
118980
119671
120252
120962
121522
122224
122858
123556
124207
124874
125552
126136
126844
127452
128163
128828
129487
130168
130859
131488
132174
132826
133536
134209
134908
135570
136210
136879
137565
138312
138971
139681
140359
141066
141737
142447
143157
143906
144534
145337
145951
146702
147393
148131
148891
149614
150389
151027
151793
152423
153187
153861
154629
155328
156131
156780
157575
158189
158994
159650
160508
161092
162013
162583
163525
164072
165059
165578
166607
167104
168181
168676
169733
170236
171282
171748
172838
173328
174463
174900
175969
176450
177495
177971
179067
179538
180666
181145
182403
182977
184265
184829
186105
186669
187949
188397
189571
190021
191172
191644
192762
193226
194416
194833
196046
196520
197760
198249
199385
199921
201089
201631
202795
203328
204466
205053
206139
206743
207810
208432
209517
210122
211183
211852
212839
213535
214510
215203
216159
216978
217907
218724
219657
220445
221405
222163
223112
223969
224911
225789
226688
227602
228389
229342
230159
231114
232006
232889
233802
234728
235571
236488
237360
238309
239208
240141
241024
